DATASET SUMMARY STATISTICS
==========================================================================================
PID    Samples  fs(Hz)  Dur(min)  Baseline  Skips  Rate/min  Avg View(s)
------------------------------------------------------------------------------------------
P10     441589   256.0      29.7     195.4     76      2.56         23.4
P11     455677   256.0      29.7     216.4    162      5.46         11.0
P12     441709   256.0      29.7     200.2     55      1.85         32.4
P13     441685   256.0      29.7     192.2     97      3.27         18.4
P14     413701   256.0      29.7     200.5    129      4.35         13.8
P15     455677   256.0      29.7     137.5    122      4.11         14.6
P17     421536   256.0      29.3       0.0    277      9.47          6.3
P18     452652   256.0      29.5     119.6    201      6.82          8.8
P20     443988   256.0      28.9     119.0    176      6.09          9.9
P21     429960   256.0      28.9     120.5    104      3.60         16.7
P22     389472   256.1      28.1     131.5     74      2.63         22.8
P23     433008   256.0      29.1     122.1    206      7.08          8.5
P24     441673   256.0      29.7     121.3    221      7.45          8.1
P25     452736   256.0      29.5     122.2    155      5.26         11.4
P26     441697   256.0      29.7     135.5     82      2.76         21.7
P27     401676   256.0      28.9     118.9    134      4.64         12.9
P28     419473   256.1      29.2     124.5    213      7.30          8.2
P30     441709   256.0      29.7     122.2    117      3.94         15.2
P31     400033   256.1      29.7     124.4    147      4.96         12.1
P4      427633   256.1      29.7     188.1     90      3.03         19.8
P5      413701   256.1      29.7     186.0     34      1.15         52.4
P6      441721   256.0      29.7       0.0    111      3.74         16.0
P7      428089   256.0      29.7     243.2     91      3.07         19.6
P8      441829   256.0      29.7     196.4    145      4.89         12.3
P9      427717   256.0      29.7     105.3    119      4.01         15.0
------------------------------------------------------------------------------------------
MEAN     432014   256.0      29.5     141.7  133.5      4.54         16.5
SD        17817     0.0       0.4      58.1   57.9      1.98          9.6